0	2.6429e-08	2.2336e-06	2.6429e-08	2.2336e-06	2.6429e-08	2.2336e-06	2.6429e-08	2.2336e-06	2.6429e-08	2.2336e-06
7.8361e-06	2.6429e-08	2.2336e-06	2.6495e-08	2.2336e-06	2.6862e-08	2.2331e-06	2.6429e-08	2.2336e-06	2.5638e-08	2.2343e-06
1.5672e-05	2.6429e-08	2.2336e-06	2.6624e-08	2.2336e-06	2.7291e-08	2.2327e-06	2.6429e-08	2.2336e-06	2.4947e-08	2.235e-06
2.3508e-05	2.6429e-08	2.2336e-06	2.6804e-08	2.2336e-06	2.7716e-08	2.2323e-06	2.6429e-08	2.2336e-06	2.4345e-08	2.2356e-06
4.4123e-05	2.6429e-08	2.2336e-06	2.7422e-08	2.2336e-06	2.8823e-08	2.2311e-06	2.6431e-08	2.2336e-06	2.3064e-08	2.2368e-06
6.4738e-05	2.6429e-08	2.2336e-06	2.82e-08	2.2337e-06	2.9911e-08	2.23e-06	2.6433e-08	2.2336e-06	2.2172e-08	2.2377e-06
8.5353e-05	2.6429e-08	2.2336e-06	2.9063e-08	2.2339e-06	3.0984e-08	2.2289e-06	2.6436e-08	2.2336e-06	2.1563e-08	2.2382e-06
0.00010597	2.6429e-08	2.2336e-06	2.9962e-08	2.2341e-06	3.2042e-08	2.2278e-06	2.6441e-08	2.2337e-06	2.1151e-08	2.2386e-06
0.00014206	2.6429e-08	2.2336e-06	3.1563e-08	2.2346e-06	3.3862e-08	2.2259e-06	2.6451e-08	2.2337e-06	2.074e-08	2.2389e-06
0.00017815	2.6429e-08	2.2336e-06	3.3141e-08	2.2354e-06	3.5643e-08	2.224e-06	2.6465e-08	2.2337e-06	2.0533e-08	2.2391e-06
0.00021424	2.6429e-08	2.2336e-06	3.4684e-08	2.2363e-06	3.7386e-08	2.2222e-06	2.6483e-08	2.2338e-06	2.0418e-08	2.2391e-06
0.00025034	2.6429e-08	2.2336e-06	3.62e-08	2.2374e-06	3.9093e-08	2.2204e-06	2.6505e-08	2.2338e-06	2.0353e-08	2.2391e-06
0.00028643	2.6429e-08	2.2336e-06	3.7689e-08	2.2387e-06	4.0763e-08	2.2186e-06	2.653e-08	2.2338e-06	2.0319e-08	2.2391e-06
0.00037385	2.6429e-08	2.2336e-06	4.1166e-08	2.2424e-06	4.4664e-08	2.2144e-06	2.6605e-08	2.2339e-06	2.0284e-08	2.239e-06
0.00046127	2.6429e-08	2.2336e-06	4.447e-08	2.2471e-06	4.8368e-08	2.2104e-06	2.6699e-08	2.234e-06	2.0283e-08	2.2388e-06
0.00054869	2.6429e-08	2.2336e-06	4.7607e-08	2.2526e-06	5.1885e-08	2.2065e-06	2.6812e-08	2.2341e-06	2.0286e-08	2.2386e-06
0.00063612	2.6429e-08	2.2336e-06	5.0586e-08	2.2589e-06	5.5224e-08	2.2028e-06	2.6942e-08	2.2341e-06	2.0287e-08	2.2385e-06
0.00079589	2.6429e-08	2.2336e-06	5.5649e-08	2.272e-06	6.0895e-08	2.1963e-06	2.7221e-08	2.2343e-06	2.0288e-08	2.2382e-06
0.00095565	2.6429e-08	2.2336e-06	6.0258e-08	2.2871e-06	6.6051e-08	2.1902e-06	2.7548e-08	2.2344e-06	2.0288e-08	2.238e-06
0.0011154	2.6429e-08	2.2336e-06	6.4453e-08	2.3038e-06	7.074e-08	2.1846e-06	2.7919e-08	2.2346e-06	2.0291e-08	2.2378e-06
0.0012752	2.6429e-08	2.2336e-06	6.8272e-08	2.3217e-06	7.5006e-08	2.1792e-06	2.8327e-08	2.2347e-06	2.0295e-08	2.2377e-06
0.001435	2.6429e-08	2.2336e-06	7.1748e-08	2.3406e-06	7.8884e-08	2.1742e-06	2.8769e-08	2.2348e-06	2.0299e-08	2.2375e-06
0.0017385	2.6429e-08	2.2336e-06	7.7519e-08	2.3785e-06	8.5313e-08	2.1655e-06	2.9689e-08	2.2351e-06	2.0308e-08	2.2373e-06
0.002042	2.6429e-08	2.2336e-06	8.2346e-08	2.4177e-06	9.0679e-08	2.1576e-06	3.0693e-08	2.2353e-06	2.0319e-08	2.2372e-06
0.0023455	2.6429e-08	2.2336e-06	8.6382e-08	2.4575e-06	9.5155e-08	2.1505e-06	3.1762e-08	2.2356e-06	2.0332e-08	2.2372e-06
0.0026491	2.6429e-08	2.2336e-06	8.9755e-08	2.4968e-06	9.8888e-08	2.144e-06	3.288e-08	2.2358e-06	2.0346e-08	2.2372e-06
0.0029526	2.6429e-08	2.2336e-06	9.2574e-08	2.5353e-06	1.02e-07	2.1381e-06	3.4034e-08	2.2361e-06	2.0362e-08	2.2374e-06
0.0032561	2.6429e-08	2.2336e-06	9.4928e-08	2.5724e-06	1.0459e-07	2.1325e-06	3.5212e-08	2.2363e-06	2.0379e-08	2.2376e-06
0.0037399	2.6429e-08	2.2336e-06	9.79e-08	2.628e-06	1.0784e-07	2.1245e-06	3.7118e-08	2.2367e-06	2.0407e-08	2.2381e-06
0.0042237	2.6429e-08	2.2336e-06	1.0012e-07	2.6788e-06	1.1026e-07	2.1171e-06	3.9033e-08	2.2371e-06	2.0437e-08	2.2388e-06
0.0047075	2.6429e-08	2.2336e-06	1.0177e-07	2.7246e-06	1.1204e-07	2.1103e-06	4.0937e-08	2.2375e-06	2.0469e-08	2.2397e-06
0.0051913	2.6429e-08	2.2336e-06	1.0298e-07	2.7653e-06	1.1334e-07	2.104e-06	4.2814e-08	2.238e-06	2.0501e-08	2.2407e-06
0.0056751	2.6429e-08	2.2336e-06	1.0387e-07	2.8012e-06	1.1428e-07	2.0979e-06	4.4654e-08	2.2384e-06	2.0535e-08	2.2419e-06
0.0061589	2.6429e-08	2.2336e-06	1.045e-07	2.8326e-06	1.1495e-07	2.0922e-06	4.6448e-08	2.2388e-06	2.0568e-08	2.2432e-06
0.0068472	2.6429e-08	2.2336e-06	1.0508e-07	2.8701e-06	1.1554e-07	2.0843e-06	4.8912e-08	2.2394e-06	2.0617e-08	2.2451e-06
0.0075355	2.6429e-08	2.2336e-06	1.054e-07	2.9005e-06	1.1585e-07	2.0767e-06	5.1265e-08	2.24e-06	2.0665e-08	2.2472e-06
0.0082238	2.6429e-08	2.2336e-06	1.0553e-07	2.9247e-06	1.1596e-07	2.0694e-06	5.3504e-08	2.2407e-06	2.0713e-08	2.2494e-06
0.0089121	2.6429e-08	2.2336e-06	1.0554e-07	2.9437e-06	1.1593e-07	2.0622e-06	5.5627e-08	2.2414e-06	2.076e-08	2.2517e-06
0.0096004	2.6429e-08	2.2336e-06	1.0546e-07	2.9586e-06	1.1581e-07	2.0551e-06	5.7636e-08	2.242e-06	2.0807e-08	2.2541e-06
0.010289	2.6429e-08	2.2336e-06	1.0531e-07	2.9699e-06	1.1563e-07	2.0482e-06	5.9534e-08	2.2428e-06	2.0852e-08	2.2565e-06
0.011827	2.6429e-08	2.2336e-06	1.0486e-07	2.9858e-06	1.1508e-07	2.0329e-06	6.3393e-08	2.2444e-06	2.0949e-08	2.2619e-06
0.013366	2.6429e-08	2.2336e-06	1.0431e-07	2.9929e-06	1.1444e-07	2.0179e-06	6.6763e-08	2.2462e-06	2.1039e-08	2.2673e-06
0.014904	2.6429e-08	2.2336e-06	1.0369e-07	2.9946e-06	1.1373e-07	2.0031e-06	6.9694e-08	2.248e-06	2.1123e-08	2.2725e-06
0.016442	2.6429e-08	2.2336e-06	1.0305e-07	2.9929e-06	1.1299e-07	1.9885e-06	7.2232e-08	2.25e-06	2.12e-08	2.2775e-06
0.017981	2.6429e-08	2.2336e-06	1.024e-07	2.9892e-06	1.1225e-07	1.9741e-06	7.442e-08	2.252e-06	2.1271e-08	2.2823e-06
0.019519	2.6429e-08	2.2336e-06	1.0175e-07	2.9844e-06	1.1152e-07	1.9598e-06	7.6296e-08	2.2541e-06	2.1336e-08	2.2869e-06
0.021129	2.6429e-08	2.2336e-06	1.0107e-07	2.9786e-06	1.1075e-07	1.945e-06	7.7965e-08	2.2564e-06	2.1398e-08	2.2915e-06
0.02274	2.6429e-08	2.2336e-06	1.0039e-07	2.9724e-06	1.0998e-07	1.9304e-06	7.9367e-08	2.2587e-06	2.1454e-08	2.2958e-06
0.02435	2.6429e-08	2.2336e-06	9.9709e-08	2.966e-06	1.0921e-07	1.9159e-06	8.0536e-08	2.2611e-06	2.1506e-08	2.2999e-06
0.02596	2.6429e-08	2.2336e-06	9.9037e-08	2.9595e-06	1.0845e-07	1.9016e-06	8.1497e-08	2.2635e-06	2.1553e-08	2.3038e-06
0.02757	2.6429e-08	2.2336e-06	9.837e-08	2.953e-06	1.077e-07	1.8874e-06	8.2277e-08	2.266e-06	2.1596e-08	2.3075e-06
0.029181	2.6429e-08	2.2336e-06	9.7707e-08	2.9464e-06	1.0695e-07	1.8734e-06	8.2897e-08	2.2685e-06	2.1635e-08	2.311e-06
0.03418	2.6429e-08	2.2336e-06	9.5683e-08	2.9264e-06	1.0466e-07	1.8307e-06	8.4004e-08	2.2764e-06	2.1739e-08	2.3211e-06
0.038021	2.6429e-08	2.2336e-06	9.4161e-08	2.9112e-06	1.0294e-07	1.7988e-06	8.4215e-08	2.2826e-06	2.1804e-08	2.3281e-06
0.041862	2.6429e-08	2.2336e-06	9.267e-08	2.8962e-06	1.0126e-07	1.7677e-06	8.4034e-08	2.2888e-06	2.186e-08	2.3345e-06
0.045703	2.6429e-08	2.2336e-06	9.1211e-08	2.8816e-06	9.961e-08	1.7372e-06	8.357e-08	2.295e-06	2.1909e-08	2.3406e-06
0.049544	2.6429e-08	2.2336e-06	8.9782e-08	2.8673e-06	9.7996e-08	1.7074e-06	8.2903e-08	2.3012e-06	2.1952e-08	2.3464e-06
0.053385	2.6429e-08	2.2336e-06	8.8383e-08	2.8534e-06	9.6415e-08	1.6783e-06	8.2093e-08	2.3073e-06	2.1991e-08	2.3519e-06
0.057226	2.6429e-08	2.2336e-06	8.7013e-08	2.8397e-06	9.4868e-08	1.6498e-06	8.1183e-08	2.3135e-06	2.2028e-08	2.3573e-06
0.064729	2.6429e-08	2.2336e-06	8.4423e-08	2.8137e-06	9.1942e-08	1.5959e-06	7.9225e-08	2.3252e-06	2.2093e-08	2.3673e-06
0.072232	2.6429e-08	2.2336e-06	8.1941e-08	2.7889e-06	8.9139e-08	1.5444e-06	7.7167e-08	2.3367e-06	2.2153e-08	2.3768e-06
0.079736	2.6429e-08	2.2336e-06	7.9564e-08	2.7651e-06	8.6453e-08	1.4951e-06	7.5099e-08	2.3479e-06	2.2209e-08	2.3861e-06
0.087239	2.6429e-08	2.2336e-06	7.7287e-08	2.7423e-06	8.3881e-08	1.4478e-06	7.3063e-08	2.3589e-06	2.2264e-08	2.3951e-06
0.094742	2.6429e-08	2.2336e-06	7.5106e-08	2.7205e-06	8.1417e-08	1.4026e-06	7.108e-08	2.3696e-06	2.2317e-08	2.4038e-06
0.11095	2.6429e-08	2.2336e-06	7.0706e-08	2.6765e-06	7.6447e-08	1.3113e-06	6.7016e-08	2.3917e-06	2.2429e-08	2.422e-06
0.12715	2.6429e-08	2.2336e-06	6.6698e-08	2.6364e-06	7.192e-08	1.2282e-06	6.3296e-08	2.4128e-06	2.2538e-08	2.4394e-06
0.14336	2.6429e-08	2.2336e-06	6.3049e-08	2.5999e-06	6.7797e-08	1.1524e-06	5.9908e-08	2.4328e-06	2.2644e-08	2.456e-06
0.15956	2.6429e-08	2.2336e-06	5.9725e-08	2.5666e-06	6.4042e-08	1.0835e-06	5.6821e-08	2.4518e-06	2.2748e-08	2.4719e-06
0.17577	2.6429e-08	2.2336e-06	5.6698e-08	2.5363e-06	6.0622e-08	1.0207e-06	5.4007e-08	2.4699e-06	2.285e-08	2.4873e-06
0.20309	2.6429e-08	2.2336e-06	5.2195e-08	2.4913e-06	5.5536e-08	9.273e-07	4.9823e-08	2.4987e-06	2.3017e-08	2.5119e-06
0.23041	2.6429e-08	2.2336e-06	4.835e-08	2.4528e-06	5.1192e-08	8.4753e-07	4.6255e-08	2.5254e-06	2.318e-08	2.535e-06
0.25773	2.6429e-08	2.2336e-06	4.5065e-08	2.4199e-06	4.7481e-08	7.794e-07	4.3213e-08	2.5504e-06	2.3338e-08	2.557e-06
0.28505	2.6429e-08	2.2336e-06	4.2259e-08	2.3919e-06	4.4312e-08	7.2119e-07	4.0618e-08	2.574e-06	2.3492e-08	2.5779e-06
0.31237	2.6429e-08	2.2336e-06	3.9863e-08	2.3679e-06	4.1605e-08	6.7148e-07	3.8406e-08	2.5962e-06	2.3643e-08	2.5978e-06
0.34609	2.6429e-08	2.2336e-06	3.7381e-08	2.3431e-06	3.8801e-08	6.1999e-07	3.6121e-08	2.6221e-06	2.3825e-08	2.6213e-06
0.37981	2.6429e-08	2.2336e-06	3.5338e-08	2.3226e-06	3.6493e-08	5.7761e-07	3.4247e-08	2.6465e-06	2.4002e-08	2.6438e-06
0.41353	2.6429e-08	2.2336e-06	3.3657e-08	2.3058e-06	3.4594e-08	5.4274e-07	3.2711e-08	2.6697e-06	2.4176e-08	2.6654e-06
0.44725	2.6429e-08	2.2336e-06	3.2274e-08	2.292e-06	3.3032e-08	5.1405e-07	3.1454e-08	2.6919e-06	2.4346e-08	2.6862e-06
0.48097	2.6429e-08	2.2336e-06	3.1137e-08	2.2806e-06	3.1747e-08	4.9045e-07	3.0426e-08	2.7132e-06	2.4513e-08	2.7063e-06
0.51469	2.6429e-08	2.2336e-06	3.0201e-08	2.2712e-06	3.069e-08	4.7103e-07	2.9587e-08	2.7338e-06	2.4678e-08	2.7259e-06
0.56823	2.6429e-08	2.2336e-06	2.9043e-08	2.2596e-06	2.9382e-08	4.4701e-07	2.8561e-08	2.7652e-06	2.4935e-08	2.756e-06
0.62176	2.6429e-08	2.2336e-06	2.8194e-08	2.2511e-06	2.8423e-08	4.2939e-07	2.7823e-08	2.7953e-06	2.5186e-08	2.7852e-06
0.6753	2.6429e-08	2.2336e-06	2.7572e-08	2.2449e-06	2.7721e-08	4.1648e-07	2.7297e-08	2.8245e-06	2.5434e-08	2.8136e-06
0.72883	2.6429e-08	2.2336e-06	2.7118e-08	2.2404e-06	2.7207e-08	4.0703e-07	2.6927e-08	2.8529e-06	2.5678e-08	2.8414e-06
0.78237	2.6429e-08	2.2336e-06	2.6785e-08	2.237e-06	2.6831e-08	4.0012e-07	2.667e-08	2.8807e-06	2.5919e-08	2.8687e-06
0.8359	2.6429e-08	2.2336e-06	2.6541e-08	2.2346e-06	2.6556e-08	3.9506e-07	2.6497e-08	2.9079e-06	2.6157e-08	2.8956e-06
0.90902	2.6429e-08	2.2336e-06	2.631e-08	2.2323e-06	2.6295e-08	3.9025e-07	2.6355e-08	2.9445e-06	2.6478e-08	2.9317e-06
0.98215	2.6429e-08	2.2336e-06	2.616e-08	2.2308e-06	2.6125e-08	3.8713e-07	2.6287e-08	2.9805e-06	2.6796e-08	2.9672e-06
1.0553	2.6429e-08	2.2336e-06	2.6063e-08	2.2298e-06	2.6016e-08	3.8511e-07	2.6269e-08	3.0159e-06	2.7109e-08	3.0023e-06
1.1284	2.6429e-08	2.2336e-06	2.6002e-08	2.2292e-06	2.5946e-08	3.8381e-07	2.6282e-08	3.0509e-06	2.7419e-08	3.0369e-06
1.2015	2.6429e-08	2.2336e-06	2.5963e-08	2.2288e-06	2.5902e-08	3.8299e-07	2.6317e-08	3.0854e-06	2.7726e-08	3.0712e-06
1.2746	2.6429e-08	2.2336e-06	2.5938e-08	2.2286e-06	2.5874e-08	3.8247e-07	2.6364e-08	3.1196e-06	2.803e-08	3.105e-06
1.3913	2.6429e-08	2.2336e-06	2.5917e-08	2.2283e-06	2.585e-08	3.82e-07	2.6454e-08	3.1733e-06	2.8508e-08	3.1583e-06
1.5079	2.6429e-08	2.2336e-06	2.5908e-08	2.2283e-06	2.5841e-08	3.8181e-07	2.6555e-08	3.2261e-06	2.8978e-08	3.2108e-06
1.6246	2.6429e-08	2.2336e-06	2.5907e-08	2.2282e-06	2.5839e-08	3.8176e-07	2.666e-08	3.2781e-06	2.9442e-08	3.2624e-06
1.7412	2.6429e-08	2.2336e-06	2.5909e-08	2.2283e-06	2.5842e-08	3.8179e-07	2.6768e-08	3.3294e-06	2.9898e-08	3.3132e-06
1.8578	2.6429e-08	2.2336e-06	2.5913e-08	2.2283e-06	2.5846e-08	3.8184e-07	2.6875e-08	3.3798e-06	3.0347e-08	3.3633e-06
1.9745	2.6429e-08	2.2336e-06	2.5917e-08	2.2283e-06	2.5851e-08	3.8191e-07	2.6981e-08	3.4294e-06	3.0789e-08	3.4125e-06
2.2506	2.6429e-08	2.2336e-06	2.5926e-08	2.2284e-06	2.5861e-08	3.8206e-07	2.7225e-08	3.5439e-06	3.181e-08	3.5262e-06
2.5267	2.6429e-08	2.2336e-06	2.5937e-08	2.2285e-06	2.5873e-08	3.8224e-07	2.7462e-08	3.6544e-06	3.2794e-08	3.6359e-06
2.8028	2.6429e-08	2.2336e-06	2.5949e-08	2.2287e-06	2.5887e-08	3.8244e-07	2.7693e-08	3.7609e-06	3.3744e-08	3.7416e-06
3.079	2.6429e-08	2.2336e-06	2.596e-08	2.2288e-06	2.5899e-08	3.8263e-07	2.7914e-08	3.8637e-06	3.466e-08	3.8437e-06
3.3551	2.6429e-08	2.2336e-06	2.5969e-08	2.2289e-06	2.591e-08	3.8279e-07	2.8127e-08	3.963e-06	3.5545e-08	3.9422e-06
3.6312	2.6429e-08	2.2336e-06	2.5979e-08	2.2289e-06	2.592e-08	3.8295e-07	2.8333e-08	4.0587e-06	3.6399e-08	4.0373e-06
4.2058	2.6429e-08	2.2336e-06	2.5997e-08	2.2291e-06	2.5941e-08	3.8325e-07	2.8738e-08	4.2475e-06	3.8082e-08	4.2248e-06
4.7803	2.6429e-08	2.2336e-06	2.6015e-08	2.2293e-06	2.5961e-08	3.8356e-07	2.9117e-08	4.423e-06	3.9647e-08	4.399e-06
5.3549	2.6429e-08	2.2336e-06	2.6032e-08	2.2295e-06	2.598e-08	3.8384e-07	2.9468e-08	4.5863e-06	4.1103e-08	4.5611e-06
5.9295	2.6429e-08	2.2336e-06	2.6046e-08	2.2296e-06	2.5997e-08	3.8409e-07	2.9795e-08	4.7381e-06	4.2457e-08	4.7119e-06
6.504	2.6429e-08	2.2336e-06	2.606e-08	2.2297e-06	2.6013e-08	3.8432e-07	3.0099e-08	4.8795e-06	4.3718e-08	4.8523e-06
7.0786	2.6429e-08	2.2336e-06	2.6073e-08	2.2299e-06	2.6028e-08	3.8455e-07	3.0382e-08	5.011e-06	4.4892e-08	4.9829e-06
7.9742	2.6429e-08	2.2336e-06	2.6092e-08	2.2301e-06	2.6049e-08	3.8486e-07	3.0785e-08	5.1983e-06	4.6562e-08	5.1689e-06
8.8698	2.6429e-08	2.2336e-06	2.6109e-08	2.2302e-06	2.6067e-08	3.8514e-07	3.1146e-08	5.3659e-06	4.8058e-08	5.3353e-06
9.7654	2.6429e-08	2.2336e-06	2.6124e-08	2.2304e-06	2.6084e-08	3.8539e-07	3.1469e-08	5.5161e-06	4.9397e-08	5.4845e-06
10.661	2.6429e-08	2.2336e-06	2.6137e-08	2.2305e-06	2.6099e-08	3.8562e-07	3.1758e-08	5.6506e-06	5.0598e-08	5.6181e-06
11.557	2.6429e-08	2.2336e-06	2.6149e-08	2.2306e-06	2.6113e-08	3.8582e-07	3.2018e-08	5.7712e-06	5.1674e-08	5.7378e-06
12.748	2.6429e-08	2.2336e-06	2.6163e-08	2.2308e-06	2.6129e-08	3.8606e-07	3.2322e-08	5.9124e-06	5.2934e-08	5.8781e-06
13.939	2.6429e-08	2.2336e-06	2.6175e-08	2.2309e-06	2.6143e-08	3.8626e-07	3.2585e-08	6.0347e-06	5.4025e-08	5.9995e-06
15.131	2.6429e-08	2.2336e-06	2.6186e-08	2.231e-06	2.6154e-08	3.8644e-07	3.2812e-08	6.1404e-06	5.4968e-08	6.1045e-06
16.322	2.6429e-08	2.2336e-06	2.6195e-08	2.2311e-06	2.6165e-08	3.8659e-07	3.3009e-08	6.2319e-06	5.5785e-08	6.1954e-06
17.514	2.6429e-08	2.2336e-06	2.6203e-08	2.2312e-06	2.6174e-08	3.8672e-07	3.318e-08	6.3111e-06	5.6492e-08	6.2741e-06
18.705	2.6429e-08	2.2336e-06	2.621e-08	2.2312e-06	2.6181e-08	3.8684e-07	3.3327e-08	6.3797e-06	5.7104e-08	6.3422e-06
20.555	2.6429e-08	2.2336e-06	2.6218e-08	2.2313e-06	2.6191e-08	3.8699e-07	3.3518e-08	6.4684e-06	5.7896e-08	6.4303e-06
22.405	2.6429e-08	2.2336e-06	2.6225e-08	2.2314e-06	2.6199e-08	3.8711e-07	3.3671e-08	6.5394e-06	5.8529e-08	6.5008e-06
24.255	2.6429e-08	2.2336e-06	2.6231e-08	2.2314e-06	2.6206e-08	3.872e-07	3.3793e-08	6.5961e-06	5.9036e-08	6.5572e-06
26.104	2.6429e-08	2.2336e-06	2.6236e-08	2.2315e-06	2.6211e-08	3.8728e-07	3.3891e-08	6.6416e-06	5.9441e-08	6.6023e-06
27.954	2.6429e-08	2.2336e-06	2.6239e-08	2.2315e-06	2.6215e-08	3.8734e-07	3.3969e-08	6.6779e-06	5.9766e-08	6.6384e-06
29.804	2.6429e-08	2.2336e-06	2.6242e-08	2.2315e-06	2.6218e-08	3.8739e-07	3.4032e-08	6.707e-06	6.0026e-08	6.6673e-06
32.18	2.6429e-08	2.2336e-06	2.6245e-08	2.2316e-06	2.6221e-08	3.8744e-07	3.4095e-08	6.7361e-06	6.0285e-08	6.6962e-06
34.556	2.6429e-08	2.2336e-06	2.6247e-08	2.2316e-06	2.6224e-08	3.8747e-07	3.4142e-08	6.7579e-06	6.048e-08	6.7179e-06
36.932	2.6429e-08	2.2336e-06	2.6249e-08	2.2316e-06	2.6226e-08	3.875e-07	3.4177e-08	6.7743e-06	6.0626e-08	6.7341e-06
39.308	2.6429e-08	2.2336e-06	2.625e-08	2.2316e-06	2.6227e-08	3.8752e-07	3.4203e-08	6.7866e-06	6.0736e-08	6.7464e-06
41.684	2.6429e-08	2.2336e-06	2.6251e-08	2.2316e-06	2.6228e-08	3.8754e-07	3.4223e-08	6.7958e-06	6.0818e-08	6.7555e-06
44.06	2.6429e-08	2.2336e-06	2.6252e-08	2.2316e-06	2.6229e-08	3.8755e-07	3.4238e-08	6.8028e-06	6.088e-08	6.7625e-06
47.332	2.6429e-08	2.2336e-06	2.6252e-08	2.2316e-06	2.623e-08	3.8756e-07	3.4253e-08	6.8097e-06	6.0942e-08	6.7693e-06
50.604	2.6429e-08	2.2336e-06	2.6253e-08	2.2316e-06	2.623e-08	3.8757e-07	3.4263e-08	6.8143e-06	6.0983e-08	6.7739e-06
53.875	2.6429e-08	2.2336e-06	2.6253e-08	2.2316e-06	2.6231e-08	3.8757e-07	3.427e-08	6.8174e-06	6.1011e-08	6.777e-06
57.147	2.6429e-08	2.2336e-06	2.6253e-08	2.2316e-06	2.6231e-08	3.8758e-07	3.4274e-08	6.8195e-06	6.1029e-08	6.779e-06
60.419	2.6429e-08	2.2336e-06	2.6253e-08	2.2317e-06	2.6231e-08	3.8758e-07	3.4277e-08	6.8209e-06	6.1042e-08	6.7804e-06
63.691	2.6429e-08	2.2336e-06	2.6254e-08	2.2317e-06	2.6231e-08	3.8758e-07	3.4279e-08	6.8219e-06	6.105e-08	6.7814e-06
68.691	2.6429e-08	2.2336e-06	2.6254e-08	2.2317e-06	2.6231e-08	3.8758e-07	3.4281e-08	6.8228e-06	6.1059e-08	6.7823e-06
73.691	2.6429e-08	2.2336e-06	2.6254e-08	2.2317e-06	2.6231e-08	3.8758e-07	3.4282e-08	6.8233e-06	6.1063e-08	6.7828e-06
78.691	2.6429e-08	2.2336e-06	2.6254e-08	2.2317e-06	2.6231e-08	3.8758e-07	3.4283e-08	6.8235e-06	6.1065e-08	6.7831e-06
83.691	2.6429e-08	2.2336e-06	2.6254e-08	2.2317e-06	2.6231e-08	3.8758e-07	3.4283e-08	6.8237e-06	6.1067e-08	6.7832e-06
88.691	2.6429e-08	2.2336e-06	2.6254e-08	2.2317e-06	2.6231e-08	3.8758e-07	3.4283e-08	6.8237e-06	6.1067e-08	6.7833e-06
93.691	2.6429e-08	2.2336e-06	2.6254e-08	2.2317e-06	2.6231e-08	3.8758e-07	3.4283e-08	6.8238e-06	6.1068e-08	6.7833e-06
98.691	2.6429e-08	2.2336e-06	2.6254e-08	2.2317e-06	2.6231e-08	3.8758e-07	3.4284e-08	6.8238e-06	6.1068e-08	6.7833e-06
103.69	2.6429e-08	2.2336e-06	2.6254e-08	2.2317e-06	2.6231e-08	3.8758e-07	3.4284e-08	6.8238e-06	6.1068e-08	6.7833e-06
108.69	2.6429e-08	2.2336e-06	2.6254e-08	2.2317e-06	2.6231e-08	3.8758e-07	3.4284e-08	6.8238e-06	6.1068e-08	6.7833e-06
113.69	2.6429e-08	2.2336e-06	2.6254e-08	2.2317e-06	2.6231e-08	3.8758e-07	3.4284e-08	6.8238e-06	6.1068e-08	6.7834e-06
118.69	2.6429e-08	2.2336e-06	2.6254e-08	2.2317e-06	2.6231e-08	3.8758e-07	3.4284e-08	6.8238e-06	6.1068e-08	6.7834e-06
123.69	2.6429e-08	2.2336e-06	2.6254e-08	2.2317e-06	2.6231e-08	3.8758e-07	3.4284e-08	6.8238e-06	6.1068e-08	6.7834e-06
128.69	2.6429e-08	2.2336e-06	2.6254e-08	2.2317e-06	2.6231e-08	3.8758e-07	3.4284e-08	6.8238e-06	6.1068e-08	6.7834e-06
133.69	2.6429e-08	2.2336e-06	2.6254e-08	2.2317e-06	2.6231e-08	3.8758e-07	3.4284e-08	6.8238e-06	6.1068e-08	6.7834e-06
138.69	2.6429e-08	2.2336e-06	2.6254e-08	2.2317e-06	2.6231e-08	3.8758e-07	3.4284e-08	6.8238e-06	6.1068e-08	6.7834e-06
143.69	2.6429e-08	2.2336e-06	2.6254e-08	2.2317e-06	2.6231e-08	3.8758e-07	3.4284e-08	6.8238e-06	6.1068e-08	6.7834e-06
148.69	2.6429e-08	2.2336e-06	2.6254e-08	2.2317e-06	2.6231e-08	3.8758e-07	3.4284e-08	6.8238e-06	6.1068e-08	6.7834e-06
153.69	2.6429e-08	2.2336e-06	2.6254e-08	2.2317e-06	2.6231e-08	3.8758e-07	3.4284e-08	6.8238e-06	6.1068e-08	6.7834e-06
158.69	2.6429e-08	2.2336e-06	2.6254e-08	2.2317e-06	2.6231e-08	3.8758e-07	3.4284e-08	6.8238e-06	6.1068e-08	6.7834e-06
163.69	2.6429e-08	2.2336e-06	2.6254e-08	2.2317e-06	2.6231e-08	3.8758e-07	3.4284e-08	6.8238e-06	6.1068e-08	6.7834e-06
168.69	2.6429e-08	2.2336e-06	2.6254e-08	2.2317e-06	2.6231e-08	3.8758e-07	3.4284e-08	6.8238e-06	6.1068e-08	6.7834e-06
173.69	2.6429e-08	2.2336e-06	2.6254e-08	2.2317e-06	2.6231e-08	3.8758e-07	3.4284e-08	6.8238e-06	6.1068e-08	6.7834e-06
178.69	2.6429e-08	2.2336e-06	2.6254e-08	2.2317e-06	2.6231e-08	3.8758e-07	3.4284e-08	6.8238e-06	6.1068e-08	6.7834e-06
183.69	2.6429e-08	2.2336e-06	2.6254e-08	2.2317e-06	2.6231e-08	3.8758e-07	3.4284e-08	6.8238e-06	6.1068e-08	6.7834e-06
188.69	2.6429e-08	2.2336e-06	2.6254e-08	2.2317e-06	2.6231e-08	3.8758e-07	3.4284e-08	6.8238e-06	6.1068e-08	6.7834e-06
193.69	2.6428e-08	2.2336e-06	2.6254e-08	2.2317e-06	2.6231e-08	3.8758e-07	3.4284e-08	6.8238e-06	6.1068e-08	6.7834e-06
198.69	2.6428e-08	2.2336e-06	2.6254e-08	2.2317e-06	2.6231e-08	3.8758e-07	3.4284e-08	6.8238e-06	6.1068e-08	6.7834e-06
203.69	2.6428e-08	2.2336e-06	2.6254e-08	2.2317e-06	2.6231e-08	3.8758e-07	3.4284e-08	6.8238e-06	6.1068e-08	6.7834e-06
208.69	2.6428e-08	2.2336e-06	2.6254e-08	2.2317e-06	2.6231e-08	3.8758e-07	3.4284e-08	6.8238e-06	6.1068e-08	6.7834e-06
213.69	2.6428e-08	2.2336e-06	2.6254e-08	2.2316e-06	2.6231e-08	3.8758e-07	3.4284e-08	6.8238e-06	6.1068e-08	6.7834e-06
218.69	2.6428e-08	2.2336e-06	2.6254e-08	2.2316e-06	2.6231e-08	3.8758e-07	3.4284e-08	6.8238e-06	6.1068e-08	6.7834e-06
223.69	2.6428e-08	2.2336e-06	2.6254e-08	2.2316e-06	2.6231e-08	3.8758e-07	3.4284e-08	6.8238e-06	6.1068e-08	6.7834e-06
228.69	2.6428e-08	2.2336e-06	2.6254e-08	2.2316e-06	2.6231e-08	3.8758e-07	3.4284e-08	6.8238e-06	6.1068e-08	6.7833e-06
233.69	2.6428e-08	2.2336e-06	2.6254e-08	2.2316e-06	2.6231e-08	3.8758e-07	3.4284e-08	6.8238e-06	6.1068e-08	6.7833e-06
238.69	2.6428e-08	2.2336e-06	2.6254e-08	2.2316e-06	2.6231e-08	3.8758e-07	3.4284e-08	6.8238e-06	6.1068e-08	6.7833e-06
243.69	2.6428e-08	2.2336e-06	2.6254e-08	2.2316e-06	2.6231e-08	3.8758e-07	3.4284e-08	6.8238e-06	6.1068e-08	6.7833e-06
248.69	2.6428e-08	2.2336e-06	2.6254e-08	2.2316e-06	2.6231e-08	3.8758e-07	3.4283e-08	6.8238e-06	6.1068e-08	6.7833e-06
253.69	2.6428e-08	2.2336e-06	2.6254e-08	2.2316e-06	2.6231e-08	3.8758e-07	3.4283e-08	6.8238e-06	6.1068e-08	6.7833e-06
258.69	2.6428e-08	2.2336e-06	2.6254e-08	2.2316e-06	2.6231e-08	3.8758e-07	3.4283e-08	6.8238e-06	6.1068e-08	6.7833e-06
263.69	2.6428e-08	2.2336e-06	2.6254e-08	2.2316e-06	2.6231e-08	3.8758e-07	3.4283e-08	6.8238e-06	6.1068e-08	6.7833e-06
268.69	2.6428e-08	2.2336e-06	2.6254e-08	2.2316e-06	2.6231e-08	3.8758e-07	3.4283e-08	6.8238e-06	6.1068e-08	6.7833e-06
273.69	2.6428e-08	2.2336e-06	2.6254e-08	2.2316e-06	2.6231e-08	3.8758e-07	3.4283e-08	6.8238e-06	6.1068e-08	6.7833e-06
278.69	2.6428e-08	2.2336e-06	2.6254e-08	2.2316e-06	2.6231e-08	3.8758e-07	3.4283e-08	6.8238e-06	6.1068e-08	6.7833e-06
283.69	2.6428e-08	2.2336e-06	2.6254e-08	2.2316e-06	2.6231e-08	3.8758e-07	3.4283e-08	6.8238e-06	6.1068e-08	6.7833e-06
288.69	2.6428e-08	2.2336e-06	2.6254e-08	2.2316e-06	2.6231e-08	3.8758e-07	3.4283e-08	6.8238e-06	6.1068e-08	6.7833e-06
293.69	2.6428e-08	2.2336e-06	2.6254e-08	2.2316e-06	2.6231e-08	3.8758e-07	3.4283e-08	6.8238e-06	6.1068e-08	6.7833e-06
298.69	2.6428e-08	2.2336e-06	2.6254e-08	2.2316e-06	2.6231e-08	3.8758e-07	3.4283e-08	6.8238e-06	6.1068e-08	6.7833e-06
300	2.6428e-08	2.2336e-06	2.6254e-08	2.2316e-06	2.6231e-08	3.8758e-07	3.4283e-08	6.8238e-06	6.1068e-08	6.7833e-06
